(1, 1, 20, 25),
  (1, 2, 20, 32),
  (1, 3, 30, 27),
  (1, 4, 40, 31),
  (3, 8, 20, 12),
  (3, 8, 15, 11),
  (4, 8, 10, 12),
  (4, 6, 5, 40),
  (3, 1, 10, 25),
  (3, 2, 15, 32),
  (4, 3, 5, 27),
  (1, 4, 20, 31),
  (2, 5, 10, 8),
  (4, 5, 15, 8),
  (2, 5, 10, 8),
  (1, 5, 5, 8),
  (3, 8, 20, 12),
  (1, 8, 15, 11),
  (2, 8, 10, 12),
  (2, 6, 5, 40),
  (2, 1, 20, 25),
  (1, 2, 20, 32),
(3, 3, 30, 2),
  (4, 4, 40, 31),
  (2, 8, 20, 12),
  (3, 8, 15, 11),
  (4, 8, 15, 12),
  (4, 6, 5, 40),
  (3, 1, 10, 25),
  (3, 2, 15, 32),
  (1, 3, 5, 27),
  (1, 4, 20, 31),
  (3, 5, 10, 8),
  (2, 5, 15, 8),
  (2, 5, 10, 8),
  (4, 5, 5, 8),
  (2, 8, 20, 12),
  (2, 8, 15, 11),
(2, 8, 10, 12),
  (4, 6, 5, 40),
  (3, 1, 20, 25),
  (1, 2, 20, 32),
  (1, 3, 30, 27),
  (1, 4, 40, 31),
  (3, 8, 20, 12),
  (3, 8, 15, 11),
  (4, 8, 10, 12),
  (4, 6, 5, 40),
  (3, 1, 10, 25),
  (4, 2, 15, 32),
  (1, 3, 5, 27),
  (3, 4, 20, 31),
  (3, 5, 10, 8),
  (4, 5, 15, 8),
  (2, 5, 10, 8),
  (1, 5, 5, 8),
  (3, 8, 20, 12),
  (1, 8, 15, 11),
(2, 8, 10, 12),
  (2, 6, 5, 40),
  (2, 1, 20, 25),
  (1, 2, 20, 32),
  (3, 3, 30, 27),
  (4, 4, 40, 31),
  (2, 8, 20, 12),
  (3, 8, 15, 11),
  (4, 8, 15, 12),
  (1, 6, 5, 40);

// (  "Sector 25, Gurgaon",  28500 ),
// (  "Sector 53, Gurgaon",  37400 ),
// (  "GreaterKailash,Delhi",  63100 ),
// (  "MallofIndia,Noida",  54200 ),

("Pepsi Can", "Soft Drinks", "300ml"),
  ("Pepsi PET", "Soft Drinks", "500ml"),
  ("Diet Coke", "Soft Drinks", "300ml Can"),
  ("Mazaa", "Soft Drinks", "500ml bottle"),
  ("Dairy Milk", "Chocolate", "25 g"),
  ("Fruit & Nut", "Chocolate", "60 g"),
  ("Silk - Crackles", "Chocolate", "100g"),
  ("Perk", "Chocolate", "40 g"),
